10100
57875
14321
14405
56377
19988
346
18005
40641
20870
50594
94636
60756
65343
26983
96626
80809
96741
47741
20463
42845
64572
22778
51343
40016
81273
63294
3973
97052
93077
14620
89771
51410
37246
46794
85255
7155
56295
46753
21033
8808
13088
15025
18192
46334
91808
6789
2125
47617
12766
54734
68064
89492
15104
13870
50270
54794
63242
68324
85908
95269
70136
81135
97509
33513
79143
20224
37839
63291
38573
30913
64780
43931
39945
7259
40981
64315
6933
54345
74176
48731
51544
49015
22922
89027
4408
12630
73583
5340
77324
92191
74774
20011
47600
50401
12426
37675
14513
44297
61859
68134
92425
20173
82052
45392
28229
3765
28541
25504
28929
82182
20624
4523
40117
67660
25584
36446
74888
12292
3558
54872
41091
56451
38702
83715
8097
8102
61246
55309
7426
21623
91750
52103
67935
82233
13842
62265
43895
45393
77069
63871
20200
17777
85600
75621
81850
62081
7224
84282
75029
59404
72582
55188
2162
88293
48031
76800
14383
30100
57284
43235
5724
97920
63260
94515
55123
90554
28925
86859
84997
53476
26569
45999
54926
36029
80117
33372
86026
27979
53605
51211
49922
54083
11891
44034
93215
46871
55407
81718
38911
58461
1504
57698
68676
30775
89449
92733
86890
47684
710
51450
90833
21667
28886
16065
80664
88832
5394
102
96299
19132
95867
29027
41139
26525
42962
34839
92364
76175
21793
58874
21844
12789
47223
39772
97086
45873
19953
80473
87622
41291
15924
20986
34304
43585
67158
32684
73641
26380
94396
75189
8863
78058
4542
7800
84940
29709
37031
91559
72254
82848
97529
46240
28274
80561
33805
81413
9582
79104
34136
71676
74702
50818
5961
92767
81429
48914
64750
59521
67942
48277
25975
47295
22187
46728
6610
64798
87122
57417
2805
44934
85336
58782
27291
81786
1181
24517
85893
41011
1239
8025
70338
37177
22019
37790
8169
24797
37846
91658
92771
15062
82161
79088
89925
28886
94707
79690
38491
73480
10664
63970
60545
93864
23392
28669
30219
92446
80890
50821
47044
23225
17567
83665
5363
90597
78283
70387
51705
69224
56805
65086
68951
6974
85360
57329
28429
38543
66779
4549
42205
90730
9203
72815
73262
99137
27704
75026
69356
20352
67436
32644
62541
42922
10824
17083
879
72435
29097
62484
58844
19988
21575
66944
6063
45742
9542
16204
91921
74750
72358
97419
79228
16985
38709
39650
17121
44036
93605
88175
96260
46419
4152
39799
45669
35164
93462
2763
36538
92439
97473
18038
32503
14612
3808
75014
49808
90073
68728
28724
22293
88407
84121
95057
1980
65416
29460
37104
43549
54599
5546
11946
19510
38635
34976
58385
27759
67521
59439
80405
57176
90310
6360
53453
79342
66558
63604
74819
49884
73460
59145
57150
85118
95886
97368
34540
28545
22251
41875
75724
27719
21340
82893
45142
79206
79453
30154
2024
75344
80207
15221
78829
43213
85491
26768
90700
19076
35364
27430
44843
87833
44274
64125
72477
92720
7159
12775
29615
76912
81559
44279
48395
43330
95097
27312
89671
81849
17884
7673
25677
89195
12184
17037
85704
58653
61651
6160
15848
60190
60060
87611
63090
38058
54311
91064
39879
29102
59877
59817
76494
47723
5760
41827
92833
23763
2576
77112
56337
37425
17053
86610
18487
88709
40625
66875
83032
24173
9433
17017
55508
14687
48600
65207
1964
85618
79112
29439
27021
14781
72302
84452
61725
86679
76952
96539
63041
16829
85078
63177
48104
44307
42803
3511
97304
61826
18926
60003
39283
35103
16473
65553
85989
95595
14221
10814
97325
9911
66600
40885
45638
57120
49348
61114
34097
11800
55733
96611
33312
24005
91519
73735
1025
7171
49650
77038
11941
98404
48195
78665
34572
728
3112
40731
60367
84328
13103
85108
3978
25115
37627
70334
12196
40572
56541
52624
60380
34803
11
480
27538
18799
27327
86133
55471
19077
89551
51995
34769
40082
63652
22832
28023
50492
54425
56123
17318
82679
34610
60956
41686
53828
12950
23806
96540
84180
67211
10761
28756
83818
89421
46517
17546
15006
39402
74745
64901
62109
67069
44448
63922
99118
1669
65117
5352
74096
45121
46549
60701
69279
41898
72571
96805
24757
59405
81722
2209
24525
41123
92043
87020
18338
11631
88422
77565
30454
93428
2229
71417
2991
19249
27875
25305
22652
18201
44628
35924
63094
13587
92142
68073
20545
61323
17045
27019
1714
44275
29813
71208
98634
27289
63224
77528
78208
68710
61655
56767
69820
34417
3277
15071
25504
9182
75111
4573
46081
20566
54168
44621
55571
28803
99081
88189
39876
58696
72110
92764
54910
12636
60147
69509
17744
16449
54709
8812
43078
61733
26509
28067
48212
90548
51719
13737
57874
75096
55793
14384
8193
48718
29903
60489
9356
55462
54923
98254
49450
47991
873
38924
96255
36412
4217
11467
26562
32207
56518
36508
58618
99233
76811
67582
4897
27539
71045
42156
36970
76788
5956
71495
69887
71767
52603
60059
51267
44655
7894
70288
4727
35947
83467
70512
6008
84520
54378
17808
67845
6423
76622
52028
40478
63757
54197
97764
6856
97248
44652
79645
98285
50405
20420
43733
63840
33987
67713
72983
3966
8307
89968
13591
26288
64535
75928
78618
8973
4980
66410
28869
83420
42317
7251
95009
43128
69565
82736
92008
73292
49393
69504
9807
90141
24096
84629
57743
62215
48775
66052
84241
50463
82693
76477
22550
68824
74864
59508
44000
74754
4211
1373
33185
55116
78181
57335
89854
8330
29382
74527
24703
10098
57624
40325
70678
95456
43896
61979
25673
28153
91159
52522
27581
65548
12186
9631
20673
21940
34346
31683
58229
49307
42073
64936
2262
29305
58930
23743
75239
11194
77691
86470
21116
12445
43306
80990
73222
92184
25889
86011
14390
48825
72839
6261
46608
82984
3845
89404
93614
51880
36250
76904
36941
26908
40443
35054
7992
17830
20842
94062
70288
69514
70385
84489
65301
79218
58939
6449
4851
6859
53200
60920
53771
37804
50379
28810
94269
60438
34938
97495
65583
22231
11570
22440
3485
24489
5644
21715
11677
29719
2367
91946
53837
67040
75547
91629
24187
11924
40351
77120
84945
74107
64664
14103
36572
84405
46743
85613
99991
316
494
19476
83001
90149
62342
45031
11831
25318
17248
98684
19319
13873
33542
17525
13074
38143
22349
41717
49829
58152
65706
38543
68917
21966
88334
26202
20892
39641
89631
51874
44404
17373
93652
34616
43423
65207
43756
44393
25425
57751
96140
47180
75834
50776
71604
48628
36084
37482
6492
2437
95941
88561
1520
53508
57105
10342
86789
60359
77056
91
81399
49868
48871
76700
11584
5766
60630
76465
82167
241
51646
81696
20707
77223
25532
2351
78715
86123
77542
18247
6587
85730
59760
87604
6437
64705
19515
49993
90673
70850
4380
75552
2130
41552
74501
31327
45159
14914
13362
18518
7323
65349
63025
39077
56890
73489
27855
12731
78608
9117
33723
60793
89791
45839
27514
94132
34588
71884
90790
54521
49703
12813
90467
40140
58758
47218
85024
79241
41341
37169
59142
73067
40619
5639
96097
79306
38244
18831
37511
48927
26407
29008
54185
79044
61083
30096
23190
68310
491
86695
95494
91132
53658
93006
7690
18114
20165
52150
68206
52734
16628
60405
84583
42163
28381
78204
47679
50643
7029
78788
94586
77952
51699
80422
66532
93643
99907
82761
30105
81374
43524
69334
80112
48053
52607
74472
3141
51270
14692
53792
73953
94465
63363
72276
69833
75219
14819
5415
34336
48325
56258
76340
40666
65601
2218
14788
21502
80980
11532
23615
83062
93327
68412
10175
93590
15176
16297
7776
56583
99165
60791
49747
76367
65848
3291
13010
38559
5806
60018
37902
69401
44930
83710
80483
14139
44391
26175
47150
14668
7202
78346
22997
13186
39021
19880
91300
1646
66904
74541
79672
68357
10219
45618
66292
83307
58502
50354
79217
58558
65865
15839
80915
64796
63055
61374
1398
6098
72341
87909
38311
63043
5401
44111
37135
1713
85822
16954
78570
87979
41867
62174
4694
80690
19987
38665
74887
39082
70735
40859
91607
89530
27943
28604
56731
85023
77393
2389
32144
40691
59024
56786
79284
43830
19549
83697
76402
82678
14115
86855
9941
40193
88356
97840
3357
43428
22201
65904
69328
76542
56279
20043
48295
3494
55661
97822
48681
11477
93706
76120
62358
89042
31515
94808
45657
51609
24306
51044
81025
38215
56834
93123
45129
16964
10407
51000
5042
16941
52515
20859
78066
23932
85218
79669
91078
32247
67743
67353
99459
91634
75455
37082
42250
69250
53147
84780
39802
84960
99004
65435
11488
44629
23455
79682
48009
89224
61368
4393
4792
68513
57586
38078
71762
48569
28116
70254
8246
71105
26624
17888
56459
94795
94485
85647
14834
81848
65812
89890
13691
20703
39135
94250
66515
60151
35837
58199
46714
75169
36219
10391
26547
69429
95116
99756
56948
87976
35985
29737
83069
44279
22388
40937
20454
42002
63950
24364
98449
65928
64937
23022
1567
32042
23903
21190
81151
96159
83137
64216
73632
34820
98804
73623
9479
71069
22997
73947
46684
97725
10749
19482
78815
10190
15872
52487
57656
71453
62608
33476
8588
70597
50846
43716
65931
59734
90464
27330
50535
46434
35726
85496
52287
42052
20391
43837
66169
18189
46448
69565
50030
76044
69660
94966
20382
75577
44392
35341
67941
45375
24989
36395
91654
50884
31032
83096
65955
30934
9510
94130
37551
69075
61833
28330
64122
63349
5976
36923
45644
35544
58050
88392
42285
50409
34803
16496
45184
86029
1103
68305
98224
12524
70107
39094
50851
28024
76795
14686
77579
10942
22262
17387
86043
40903
23317
41603
78519
66859
64619
62407
55684
4531
35759
10222
66622
40905
83844
43677
48744
41662
29817
6053
61054
6488
32524
57561
49415
37718
85514
51306
34151
37218
58674
41249
52496
13586
3095
24088
93528
87226
49284
17461
51621
31409
48281
25956
16485
23934
91284
88144
19675
1792
7915
43966
82003
54327
97366
68231
5975
13842
13642
38799
16858
20886
67999
90598
26929
78727
62643
42331
78210
88022
75303
34552
4532
67175
5863
38430
4102
99742
30951
82750
18427
55014
28361
97168
54163
68190
54043
82964
69142
74592
27902
73955
85833
77678
65153
70672
72258
32795
18571
99073
54616
78068
91992
77380
19572
59273
12763
23760
87748
29468
19937
74425
25294
72613
88054
1007
52258
32799
88513
75924
98696
93139
65578
39384
24568
62847
54845
97747
52872
67362
92678
10366
83264
43590
16539
26926
29929
32939
52569
31502
70660
45196
7431
86328
70552
94672
22455
60335
4803
41328
25067
71484
9649
23552
27476
9764
43242
33627
55157
834
63430
75535
3078
16870
4604
34274
86452
64841
44696
4384
42502
10732
93290
74818
19451
18124
81019
54237
50319
83748
27771
76196
94077
67680
6550
9338
61725
91385
46309
64728
31598
83377
32416
36535
10575
54797
16689
65147
74280
96010
72356
61981
82182
5757
60730
27315
83075
80971
25117
61213
11875
50274
96174
23791
94554
35154
82554
29014
84044
4140
6155
27849
48845
57845
42267
12686
36934
44678
61667
5061
4537
52100
78065
89973
11644
97879
67256
7313
24801
58057
59873
44455
66166
13853
62688
99525
35496
35305
4961
95368
1411
56561
21153
22338
65652
25857
6009
93735
9455
54247
77397
13717
18444
68875
36675
47613
58156
14892
35911
73714
13818
47001
7244
37229
69261
87432
14196
72218
22986
83094
34704
87971
25030
68956
59659
695
78280
76490
62368
53591
40973
48323
43437
50813
53446
26260
34015
88937
26876
19346
73452
11241
93875
44175
34272
2628
24204
64857
57135
2595
5956
76239
99594
55740
3066
55009
6636
34525
61806
50243
41844
17906
3461
78221
94029
31859
56073
45810
65800
70668
84077
84667
74923
62410
80174
45472
11619
53311
48309
75202
9941
44627
36890
87304
32339
58407
57122
98643
65418
36966
56168
37536
36791
15147
87994
7226
21690
90697
62426
34586
33858
53595
62213
95324
90760
7017
93937
88991
92280
9299
26671
22072
6058
59101
74832
3923
31503
35896
74979
93128
23719
92872
17404
8278
58831
3927
56433
44767
631
54101
55390
53727
5394
55594
26728
71337
12711
154
76446
95936
19620
37524
99356
22640
36754
30295
68745
33831
18051
56866
21537
6259
78568
32886
33741
94200
65663
63689
32301
98414
33482
23082
60535
82485
55099
83660
31993
33174
87691
41394
44539
6264
22890
76597
4000
49884
71792
38261
32235
41653
51314
27865
89663
93319
74544
42308
33918
379
58860
49079
81491
50940
66901
68157
20651
74257
86657
66646
22653
89111
50457
4388
5451
43355
89230
41452
33856
70801
38153
36105
18745
14035
4064
92339
3841
15993
82693
17638
31445
53170
34712
7667
13926
71549
81437
13088
70588
6182
51560
99708
36663
32160
84213
28451
47697
6139
8692
618
51232
93475
40129
1128
67992
25717
47954
65090
45484
12830
61929
43441
12020
30161
24297
73937
78827
37701
15686
32585
76272
57225
49205
24050
75756
57573
34626
5157
9555
61326
63041
64198
65443
71749
73948
40007
87466
17582
1835
85530
14692
73768
61121
43927
36769
90061
50115
64998
62693
40167
17523
22122
75913
77933
58891
34731
75712
91801
33542
12445
54388
8360
69336
46354
18990
4301
49181
33241
39764
41074
82895
88145
99212
66220
99889
93230
55935
84601
41128
32422
28057
13145
93162
98073
99853
5031
32974
23771
91221
72850
76099
70784
58167
79068
50941
85666
1764
91310
19146
35538
95802
14582
26338
46457
25129
81566
26557
49449
74866
55914
46142
99461
9674
33134
34221
4553
92607
2281
7459
16727
51634
93026
42142
3456
3842
28286
96020
58252
8074
50939
72805
80870
95744
80781
91529
63142
53118
35090
73064
12796
93981
97683
40168
90870
65949
59225
44513
48686
80834
11594
41037
46451
45753
78623
3739
49715
36952
40931
12642
50626
23587
62602
80946
94409
92170
57707
16551
86478
70896
796
83255
74811
1030
52712
78187
93390
18614
93104
92010
77181
43516
48635
36976
2083
42926
46459
76989
31115
97277
48286
85834
37912
51315
84493
40343
58191
33660
25381
61120
21986
96642
99663
56366
91674
22864
88734
9193
12608
69656
11269
95115
64968
78992
55858
75216
17114
79670
30059
25354
21662
42549
91556
14896
9220
20352
14266
37590
34605
30619
22510
14264
19481
96857
75617
31185
99534
94911
47113
21288
25889
2727
35213
1417
75973
88674
87459
82034
98093
64341
49987
76452
87487
97252
96520
1721
78232
66348
25859
94581
59958
47049
44155
57652
89893
66136
72101
34467
68393
55575
84251
61515
80741
45449
8412
66152
7014
24917
15265
22489
74160
78158
22999
23088
64931
80910
79102
55848
10152
94747
82173
66358
10334
70795
51359
42743
64795
86788
63662
20969
67201
27516
36842
39575
40192
99839
91142
25036
32769
57455
99264
30441
23702
32646
78875
1265
89916
92279
76507
48641
66570
97522
89308
87901
75897
11622
98095
25478
83823
97536
88145
26791
65609
21970
63466
71695
89957
35535
31295
30329
3049
69395
50133
65126
3604
36000
48771
56205
65727
71139
13042
15017
32080
21844
44884
73296
36411
79644
68286
11011
8436
31377
17539
97985
97877
80893
57198
92023
10856
14653
54907
17746
73843
37189
1683
50581
55614
85057
15971
1702
65729
19766
36792
8066
77070
24966
60632
63825
12504
38770
99328
92468
65471
9691
64022
99771
12505
25793
56586
69587
60191
81324
27022
69308
23377
42057
93551
94457
31655
80652
99790
14657
76373
67412
27456
1234
18617
62796
95422
44805
20037
7789
64746
34332
47843
69025
55487
33720
53194
24258
89267
11016
36604
66529
86988
5147
54777
98083
65691
89687
30852
86821
20122
43074
5967
41633
25982
90557
66597
99273
46201
27696
65620
20111
57807
27840
46934
31559
13554
84605
89050
3428
48540
1529
37556
39359
54088
5843
61725
44471
26638
60945
53608
13394
97017
96396
33731
20993
96999
44453
35206
65793
83964
86486
61595
82110
72643
29379
58474
75538
2947
44398
76127
24555
6361
15338
16634
91819
20184
31016
51795
5417
86394
77613
1992
24181
12673
83909
42853
7192
53294
75600
90639
92377
60221
55578
33101
39164
64315
19945
69171
29254
97829
80399
55628
6395
2687
47967
66179
19112
51054
68445
32782
14141
10259
78830
31768
88690
90212
70063
26538
29514
7432
3745
78645
70645
47790
34785
93662
73007
75563
94774
486
48646
54094
47812
96021
29817
25954
81501
50691
17115
3679
93911
87523
37239
90125
32345
46956
37422
4055
57743
78052
86939
3656
42493
41067
39480
97380
4879
80162
57722
28037
10511
439
38582
14961
46448
22766
1927
20852
77415
98253
8040
72352
14394
62660
12251
2109
36272
17111
99052
58030
59528
86473
87984
97058
64454
59431
18855
46739
84840
56334
47040
7263
78903
8922
55868
55233
72824
59244
23434
97932
14914
91798
85170
16131
20106
13190
54733
63415
56538
33358
55665
40349
76768
67372
60907
72779
17410
38459
66341
29232
97776
75636
36647
35981
65202
54690
86745
77108
14496
22593
79046
43451
89552
22162
253
64189
54474
28254
60305
95661
74520
56324
45281
1048
66649
15553
63537
69078
73556
2171
49079
67692
11242
29002
41426
86498
53220
91267
26259
75452
74380
28867
82048
45527
44791
69908
53614
37090
58367
10815
43500
18262
68495
2830
69855
53459
4504
9084
61575
54904
44225
9788
54784
2302
40955
84675
96772
32370
64146
99123
64814
7470
71903
20389
25562
18643
60058
99889
12456
27717
99565
5885
36992
80963
56228
4352
12207
33
63041
2674
90159
42148
94988
69746
83621
50905
39591
47507
25795
57330
72831
10404
41998
29950
3070
4315
37050
97284
22686
53757
62705
50972
11064
66284
11282
95626
71354
93549
94902
98552
3159
70453
85806
88878
58937
89872
30057
90769
1810
77646
14226
18005
97967
98059
7605
91840
99373
60569
25026
26045
74598
86027
56330
67578
61796
85184
23942
39871
51862
73259
31704
83498
36416
74587
16073
69963
68588
7436
63825
19961
72607
59497
16629
16720
6087
73051
35466
43464
76432
46515
25239
53459
57334
49040
59513
25714
38068
13358
69185
7124
44123
33675
856
64301
62590
65047
30530
4079
67722
40887
82624
89223
51763
48310
72207
73366
2026
11369
42575
84714
63243
36413
75550
71353
50066
5120
28994
96890
24717
26856
26181
15968
51725
35652
65658
95091
60662
54269
91231
66348
41846
5128
45691
33581
38098
34347
82726
13019
71580
5481
42792
15418
73985
73964
57561
41571
38654
69390
56552
76804
78739
48580
38520
96692
52688
5704
47684
35793
40428
90273
11906
90072
63188
11985
31941
88929
16992
82779
50973
48852
25089
80174
9626
86315
76791
45171
79534
35526
10399
81679
58032
96805
69930
51093
94300
69862
59592
49963
45399
35675
14819
71959
72881
52199
3369
52455
28035
73749
73249
93050
66872
64436
25918
65549
6280
57875
68593
11462
46176
59221
14424
25431
14141
69521
30357
82511
22902
22218
31738
79843
76506
77413
65568
62868
93774
51660
60599
33341
90073
26878
30872
50332
68603
27824
21750
50746
70071
55941
34355
65017
2418
76645
31406
41113
70260
10493
89081
53510
19435
54450
62921
54754
29198
56195
11336
96171
3935
69563
21860
59176
37098
55696
81706
10901
33130
83003
91597
11176
53419
69812
10496
60704
64074
2281
56100
37578
8152
75738
46522
81999
40573
93621
88538
71133
37146
88521
3772
29071
48647
20361
39604
1244
32699
7647
93819
48794
29161
27850
81160
51084
50023
47157
65405
86575
71530
71861
42046
97917
93038
60863
52316
19036
62674
62980
35600
52167
65280
56043
58755
37494
78601
37705
6953
82956
65711
6911
8751
3677
97628
51215
53898
3258
43024
15004
35086
60027
46680
18718
42720
50567
54201
99743
22819
77699
72909
79957
41134
49237
68356
95452
35679
94771
42443
83983
71337
97613
88202
25091
265
69876
74471
21921
77623
91237
91177
30269
59543
80758
76663
61079
62030
49372
81214
71918
78450
28727
59153
13436
64443
95003
9387
37874
62614
72379
44336
43600
71768
28051
65137
69889
89262
23090
48495
87825
63283
83266
534
56364
39708
76694
11531
27669
3149
20784
66273
11455
20686
31820
18436
3788
82200
68204
85432
14431
13290
75616
22844
39936
85624
82321
50504
75084
54786
70027
4918
28693
39267
96165
70621
52989
62400
21166
43447
45195
10336
87318
62149
59112
77947
17366
91177
54777
30251
26461
45968
11321
80895
35928
76594
54289
33679
13020
75122
22967
15657
19379
54945
82657
41418
34337
56927
92004
80424
10354
65217
13198
41804
56259
71790
14075
27613
71113
36003
91992
26359
1729
2263
19986
16283
68981
78552
33914
7200
21832
9972
20919
10087
10303
5748
77416
91404
82475
75203
70133
75160
11991
43052
40784
84627
970
35297
10766
99511
1978
63064
42204
23297
10926
12976
40575
50400
73037
88017
51084
22479
27592
92145
73953
11327
25761
27155
36926
90797
66103
40298
96803
92532
59855
1372
54376
69883
43936
81250
49939
90127
45499
6027
28313
95723
49334
26175
64148
95603
45907
51233
36797
30145
56049
8078
96935
41302
18095
95235
7288
17970
33112
95867
29764
43231
34000
56437
1927
27944
46873
93652
2015
45703
34082
52576
68868
795
64589
15817
73573
65784
89372
79596
98209
70137
42199
73999
22782
5808
64732
32582
58121
26238
52195
93080
51242
61855
84877
63899
58979
9404
84329
59579
62822
32164
37474
15482
44112
61876
78856
89106
21286
40787
48538
3894
92458
12283
36077
91894
32090
7569
54364
74561
88677
61174
81324
45733
61067
62998
14266
9522
33072
33597
93539
97852
1692
79593
51791
43935
99314
25979
77115
59389
29515
65991
75138
57091
86127
93483
6664
82570
13327
66397
56099
99545
23905
93628
5958
36263
57497
87080
98219
3134
19041
31662
58716
53947
27381
95292
9725
93682
30973
89587
90810
623
65480
65370
56585
92887
36481
75086
98300
28813
28113
84503
48005
34160
98897
92054
78118
78017
18665
79611
48564
95619
19978
53683
519
39451
79045
49503
22945
51895
26662
1984
35032
54795
71760
87822
18018
24022
92950
11335
1564
13891
88819
49732
48759
40780
67879
24999
43423
28440
75503
25585
34665
82789
2720
68497
87385
74241
2335
66199
76493
39090
5984
2374
53642
37270
6233
48743
59297
8932
85794
23546
11261
35569
92203
2184
39499
29071
67001
35604
67111
94992
63263
84624
27391
1480
17110
94859
52038
5904
50553
84648
8215
82119
80575
69098
68868
93203
86229
8651
48634
90853
34999
83468
46034
15451
83595
73351
72439
98847
19899
82752
33551
6444
50061
46650
19689
92400
35328
43525
75137
62701
3621
9685
23826
64218
15224
68047
8025
37415
9561
28796
14689
23645
48268
36960
91569
16548
57001
35812
6158
59806
76928
83151
77454
93264
45901
55603
51131
73441
20403
35972
63423
36603
79417
30883
76882
46127
58974
45881
32830
76149
12474
94655
13547
75217
86386
36858
21772
41712
54935
43684
23876
78802
17308
23845
70326
84322
3187
4641
78249
63392
82083
74283
42164
32575
30215
52439
71819
13322
59110
57036
94886
48770
39050
52888
96042
41571
70527
14270
74359
87461
20522
34571
80302
56829
84932
41063
73212
29027
65010
13830
97895
83407
78242
82014
7507
13341
13252
86290
95410
79855
96066
19181
28358
82161
12958
83467
29844
69272
71399
62833
73607
96900
49335
69437
29566
17189
85195
34904
46579
86745
3040
32167
14505
39699
70951
63521
95025
28632
97348
25147
5881
49122
52169
18815
68818
48711
20650
14203
42012
53940
23965
6678
72912
18995
58896
86813
18218
35949
31846
19548
39057
72456
41551
52904
13220
69520
42531
5337
59106
88980
59995
62388
68694
16776
66701
59782
9277
71592
47842
57870
63478
65404
25909
85137
44518
97750
92522
78577
57412
56536
56744
5527
18855
22515
49044
71437
93258
68363
35468
57640
99353
74934
4157
6339
62556
28675
41154
82055
66045
82679
9209
24422
12246
97938
59779
70215
39996
69616
24472
8987
58274
40972
53285
55886
85932
98431
34244
89209
87025
62214
52309
43317
65131
88930
49182
45194
19519
99224
98108
21541
12579
95064
549
53928
62161
49051
98876
98907
46951
74470
97552
26368
84823
74412
46258
86980
6706
27087
13457
60177
94188
62918
10227
63457
25356
77179
23186
86189
68019
99211
90288
56516
26950
93616
25913
42839
30265
3228
36820
91121
67418
89275
98501
18051
15351
40923
31842
77757
64110
80872
58416
99641
83247
83056
8409
97746
98191
12453
82380
47314
89868
7809
81490
13320
72696
7427
45320
90968
6340
47991
37342
13261
57898
77204
13003
54186
72311
65151
25802
90974
81139
92366
4789
53877
71598
35814
15516
66699
96937
61349
95394
21371
83966
97596
90261
56790
73166
18548
84872
58160
11717
25746
2094
96596
58379
92149
51189
94935
29833
47227
16413
19242
76086
43523
6580
46601
76862
94382
19023
72432
33934
77855
5478
78125
76670
16449
25581
58193
92219
99784
14603
90721
34864
85231
29753
15753
82992
65985
72888
2895
87875
76147
7343
92069
73035
3886
65664
53528
46705
1738
12870
70470
77137
1526
43246
22444
4287
22581
1646
64253
53684
41602
72390
75791
16377
36052
9490
22000
34255
51228
32425
33366
22104
3691
16213
75027
13221
96113
60047
39303
58045
39968
30646
49008
46471
14671
48108
70396
25877
79962
93709
74495
50829
55271
73837
98176
88724
35523
34669
89485
42457
77259
86682
15375
71484
82343
95810
31801
36121
43248
94419
69690
27445
35506
64242
92050
93668
67661
7541
17825
8180
8790
89374
58042
47417
17946
31732
57814
52822
78594
58463
96133
97829
82065
91904
26912
65123
94571
45579
58234
79643
25072
18626
69781
60077
54726
64527
66352
76603
16085
5053
59582
42736
61739
48244
74962
15949
24800
65263
24310
42065
3732
13084
35739
42437
55668
31055
42667
70465
31643
11171
97498
31806
67125
84782
8411
26233
19103
43840
8591
31585
9674
69624
66648
82301
89855
7971
86123
2077
34044
49618
17508
37659
34588
72822
99316
141
93653
95323
10581
64395
43675
74270
45502
36119
6114
70413
46833
7214
28960
91321
19986
70953
74833
84794
66739
27696
32340
96768
22314
42556
4531
6289
59716
73287
72224
49891
67506
53715
44154
79832
35490
76627
42991
99665
68233
15738
37051
23889
93467
3358
55855
8303
93853
17001
65293
62743
79026
83004
65168
43262
87154
93023
22472
66463
19385
91081
72163
46647
8731
60009
97639
33498
38741
72367
62363
66927
27583
98490
36774
12367
41149
47935
59887
91125
17909
73778
75555
14499
37883
95797
88053
43761
88455
92954
22624
42418
26440
70582
88360
44389
88402
75812
24863
6740
26803
54418
60899
32301
51812
97164
20132
55547
61403
44804
75652
15776
74909
69819
69623
85137
5328
49359
37545
24974
19726
22208
98591
39292
64597
56160
85653
46657
31036
7287
84679
51452
52192
75632
41419
6014
47197
56068
88923
61929
95672
30177
74065
69955
70873
56982
7116
48631
52374
19806
40367
80488
51882
29350
74888
54739
98852
77565
70061
24512
62620
21047
67426
38948
32448
52573
11704
90615
72557
85557
62543
52781
7353
78282
25532
86963
8813
27384
51974
4167
81904
23574
89098
73780
60639
18848
66239
8265
65497
1631
3924
85493
38582
60568
40885
28290
30615
36686
91820
73099
71320
46484
85027
70362
59714
9107
88040
45250
73694
71988
94890
97526
85860
58731
10944
76613
96817
24513
84169
36435
46359
91580
18766
77269
35662
73293
46275
34344
73640
74101
48972
39694
15522
40853
48412
24806
72855
11121
82137
84263
64783
89984
56444
27577
94900
5842
75188
57616
57733
11006
28938
52357
56515
15719
69599
31315
11145
44971
593
99051
85112
37416
76540
48213
56400
15915
41534
74307
59387
29590
5299
36883
20996
21581
89503
77826
27781
57246
77386
77319
19742
10635
63365
74803
97985
81972
32234
55747
44233
11973
28866
27839
54027
13402
69825
72115
7045
10955
64203
62215
788
71768
67770
12764
9985
68082
29623
98502
507
67523
76710
13249
53632
53627
88350
65009
77844
85336
58389
39258
63029
95313
53691
61944
52485
62687
60445
65660
62470
66569
68714
85540
89892
10378
51442
61782
44811
769
24585
66521
2490
36149
11915
56879
70351
51939
49338
71475
75970
99397
59331
67723
47982
96289
83871
83178
73066
17131
16629
6437
789
74744
83069
87663
95824
87616
4671
8500
48005
87887
32057
43151
14245
29576
70463
77128
80400
41942
46365
82445
9901
80785
14616
86507
26618
48425
56563
21897
62301
69299
49326
87905
58296
44269
92360
33405
27771
17454
96613
48522
57684
79631
61802
93211
77633
64433
85317
4765
83558
66185
40458
98962
83930
84975
89241
57197
44732
14687
13115
13769
77603
63145
69738
56613
16466
5051
38352
40992
55787
2921
5608
64909
31994
45814
18721
22099
22098
66626
3137
16068
41462
12144
12678
3032
66125
76787
12360
78277
23192
71796
97594
41501
5696
11395
50799
68612
62856
44119
58969
96397
30434
90051
83436
24720
13853
18712
57729
35978
78044
40625
61911
53744
11330
39103
88692
44465
67817
19537
29834
18472
45939
9023
1588
59963
18967
46835
74655
21363
49469
661
47878
89976
57573
14802
53621
95623
26721
72232
57711
5331
46210
47345
72683
81686
80784
14857
81401
73778
85620
28061
67395
92009
68175
30418
84526
91797
78862
51247
2336
37541
6773
38025
66555
53716
41175
72169
38439
57095
77832
75451
52590
37219
19594
75862
63553
93353
12867
22307
29913
75536
27664
27436
55063
68573
17395
18690
89324
19008
60839
1899
74708
28110
36948
60294
96573
55383
79390
47452
67143
51812
79896
29637
3491
47119
46902
9268
9533
68446
41216
24928
62230
49629
67778
83120
89226
90583
34720
57251
17201
95985
59079
59193
73985
3523
99263
56769
95312
40436
63228
47711
27351
62448
94708
63289
26130
8649
46667
31519
90083
54280
95561
4022
99575
25710
53070
82079
59745
88683
60028
93768
30530
62266
78162
10254
63690
82423
7385
72781
37175
14494
28502
82791
54268
61378
27936
30796
73758
51942
46540
10188
99800
8027
40901
87542
51710
7319
39447
18028
16606
91982
69962
45542
82146
38384
6379
66239
40114
81183
82342
59359
12951
91818
73904
79238
41050
89547
31361
98034
95467
56250
24191
76814
23262
14604
79701
83415
72143
1996
11362
16971
14182
1907
12558
48272
39990
74279
25080
66527
94943
51886
88490
30987
29139
84333
21646
25554
37942
37185
88986
82526
13566
93081
73382
77496
91962
18254
22494
71723
37039
28256
31379
92016
13277
75279
13004
77467
69025
64435
99643
54881
5716
52088
5002
38693
81776
89369
5875
68574
74450
6519
57775
66085
12795
43447
18822
37440
39984
42358
48549
83143
51298
45033
57614
93200
60776
7477
88585
98779
44968
62759
90137
44252
57588
91954
49545
98400
64817
99715
38244
90237
1107
41730
96036
43771
30373
2119
59971
99513
43653
24823
89645
23678
92811
37850
21815
21181
78025
22937
87592
23684
39758
84313
27253
4481
19973
591
35595
34608
53019
97919
19493
53734
39806
73621
95486
28979
72352
39647
63616
25816
58043
92645
69339
14565
2126
62054
46385
99469
10470
83984
53774
75849
89784
21244
56981
20421
60138
53412
32885
97579
33841
72897
59002
77194
35477
18949
31776
60258
34577
63954
47043
53135
72055
33813
47090
29424
61232
79267
1921
94163
14945
54158
80157
48383
35849
12867
66907
7549
9799
49508
45130
79491
33976
2557
76839
78654
34590
5157
22478
49788
99004
59827
15630
15188
7518
59322
87062
64818
15861
45219
69099
77763
13888
81765
6651
20825
94950
97252
34092
48923
34080
17347
72654
18573
74772
76967
77295
83159
46747
2601
1645
66292
49092
78935
21862
84154
40626
27945
78955
75360
37856
78235
79443
54961
1669
90763
88780
67020
5683
98705
34444
55061
20761
54134
61477
53148
7816
52946
72215
64648
65810
84070
99936
74079
62446
87603
62414
78996
83768
46645
3637
22094
82006
95455
73020
83441
50550
51604
12082
55436
87219
31359
24606
10558
90134
28080
17172
81893
46712
83796
12291
51877
77893
22607
45099
59345
89821
67001
96652
93081
2261
15506
47033
20016
62810
76867
2316
7608
85109
48723
43059
74956
4618
22306
87240
45514
74203
79750
76254
88476
91593
94911
80727
3714
41466
49337
66130
28957
93142
5694
3202
4922
11595
13717
95290
2649
80433
17211
22213
18136
90888
77052
58482
36769
541
32590
63276
44654
14604
68075
38567
39700
39135
71017
13110
44691
72564
86071
83194
10968
86236
24470
74293
59180
60544
33841
59965
63741
30110
3803
87788
26343
75154
47748
45843
48895
64112
15991
82159
12060
82701
86515
91796
82626
30589
3748
46950
73708
85750
68733
37702
13141
20116
46357
31817
28900
90998
37019
84485
68850
28038
49527
27524
64376
43638
95902
65819
35993
98886
75665
11764
57258
83810
85523
47912
29658
19911
50853
46473
98402
56550
61920
71674
32266
69089
82574
15746
33524
3795
23750
47925
76746
37069
84450
53267
83871
80346
75455
83981
99108
31747
89392
55361
38794
99951
17982
37159
28143
98146
41280
91683
73479
6919
17107
98203
72424
45064
94487
8739
54514
66682
94790
82772
98009
94421
86258
47483
27601
59681
41625
50061
51508
33485
69159
4728
61874
51320
74601
13973
83350
36018
20809
8090
86737
10301
85515
23084
44870
47277
57027
33105
21201
93678
91152
89987
28853
86373
20249
3617
87008
45295
22435
28224
29053
49477
22060
20190
47957
10753
7687
71383
49603
50074
81940
93392
94323
54315
9211
72017
13334
21971
79877
53136
79781
84821
7864
86312
40367
24959
48973
60105
79906
4903
39375
58536
11250
91121
59985
68695
27592
22446
12172
50992
7497
3391
65141
54026
38273
57623
17816
68974
69997
57502
15667
47908
32547
88242
39664
79686
8414
59079
55200
22070
97705
93583
55537
36747
47655
70069
30764
5159
56157
22723
60429
75908
60221
64420
60704
53132
47888
9828
1556
54728
87711
23987
73087
22160
42013
69800
47630
44194
31636
98306
81703
72909
74699
71274
71005
74317
13201
11444
94319
77265
14474
65061
30814
81143
99603
82158
81960
19322
5138
63670
91814
72898
6655
97430
2558
40474
7177
39645
57734
26910
10246
25812
66134
30163
41339
23356
11112
11344
68868
58931
89455
77306
70689
47158
18929
99662
5726
86752
40995
99576
79453
70385
67071
96160
46305
62986
19524
12100
2778
55508
33163
30368
25512
89408
82017
85609
34157
93417
63846
26106
67636
91542
29312
95462
59736
42267
46396
96844
36403
57375
10179
23881
22756
32761
48117
18087
15355
17171
98405
2866
57988
60913
9393
99883
47309
12523
69180
89654
71446
92053
42825
28302
65780
17792
1910
72953
54882
83513
34099
58710
30085
13647
53502
30354
37659
99474
38780
21626
67071
32855
58901
95850
83643
54840
84781
68260
29802
87064
4891
74653
38408
32324
32136
52689
95801
96021
84901
58518
40499
83282
89289
46798
33226
8915
29254
215
4022
46304
54023
62269
52610
10615
84584
79118
35123
45357
12274
52526
29523
67979
17265
18753
52537
88410
40372
1830
79287
81178
14465
28291
80704
58443
91762
23162
42964
96143
7792
40667
45961
14983
26282
75028
50583
3577
52082
65892
92960
49171
26516
11821
31707
15114
51956
32327
71164
84699
54787
3697
32225
36114
33822
92642
1787
72393
24707
42013
72375
81192
80784
73860
89928
37035
15514
16228
96467
48737
61735
41774
62743
60688
4776
55429
82679
54998
17591
35859
48421
89835
35465
38518
46732
80034
65071
1016
54170
17518
41103
76892
12808
63169
3770
24692
46888
84432
17610
29104
4618
71762
58714
78992
88971
48743
65154
11963
10362
73590
49901
9480
83432
92142
60536
94937
46988
37934
42410
68328
91920
28960
40203
49082
71611
78528
91842
32944
69212
68762
89102
7740
90127
80049
73857
8528
93872
75676
31316
83282
38265
94348
3659
52203
32377
27176
95079
95423
19700
61785
52321
28280
93425
57025
44970
60731
74244
34118
52412
62364
15319
54637
21179
21292
99639
14786
38606
42896
60986
7603
1813
6734
51112
19964
81542
78209
80973
74078
29287
85579
22553
97992
18794
12010
68817
21847
75136
88963
21654
60345
71099
1371
70799
1486
99173
18309
74710
54791
1430
93301
39933
63377
51318
54963
57723
12267
41744
55532
15414
51218
36558
58114
48942
64958
77271
37315
43140
41157
19330
57655
62982
18685
30933
60722
44568
70527
42174
91338
76960
32199
71182
84611
52557
58520
52813
27686
50821
17532
22398
48
31722
80649
2736
24358
36104
91391
46461
19431
24382
7598
19171
2906
27303
78357
73980
97381
74340
62021
60829
88927
25640
83556
9096
81054
127
18669
33581
28202
49627
28084
30276
95507
98268
21031
28096
38685
45883
30129
3344
79801
63604
90104
72567
28752
99630
2086
41574
49816
68777
97572
31731
87913
64290
25346
82329
27977
70021
20692
52139
82819
57616
58487
97238
32375
91296
65585
62130
1291
59963
85525
6980
7230
67225
52102
28851
11293
55951
46291
24261
34095
79065
52833
4470
96747
92644
19654
82485
4329
98197
86961
72506
30550
84825
8968
15431
25569
43370
95945
63899
81170
9371
98129
90925
67963
52353
40955
54059
5638
29949
4961
10478
461
56234
98782
74329
17225
74784
46004
89327
72962
43714
9192
63183
21126
34378
88715
58477
1941
54127
80916
95182
3000
53040
91977
6335
51793
37920
45181
20754
88686
2286
35251
55638
36248
5199
29888
56817
55496
12554
94159
83133
92600
88224
7198
91581
14103
4502
64773
63163
46518
81249
33015
71903
1376
76173
81057
15437
16167
75082
43023
53532
68249
70611
26766
71951
43730
89948
31660
93265
75114
13463
1467
83986
62223
12931
49909
92216
90061
73011
36218
66308
87690
55382
26260
15651
6255
19431
3803
70285
33600
33555
47733
13533
78956
11331
52565
55021
80671
86405
86020
74606
15733
56539
5501
8897
74282
49568
13202
50485
61005
28082
97453
83901
6547
60801
37169
96173
81287
26034
67710
41873
69791
45456
44211
22282
95434
22096
12909
41862
79589
86431
67022
79867
35597
69034
95961
53984
69518
12618
65402
72775
76506
16106
46914
27163
19766
60150
99824
6674
24174
7106
38316
98063
99657
99412
28012
42775
46743
3215
44377
80525
40390
98556
5196
32844
5204
1079
12690
27169
16959
50836
22287
41347
29048
52173
84895
13712
86647
13865
98615
15621
3559
72106
3721
70233
86754
14194
28166
98007
68215
56275
23614
92790
40103
1746
11428
24438
8432
27543
59309
91481
42689
32852
48023
88252
4172
47631
87589
48369
53209
27310
24104
98522
25239
10206
18074
64964
49677
26144
70724
81342
67119
36145
50912
48468
81388
26708
2168
34924
7396
670
99437
7932
54871
52061
58292
86726
99001
67590
55803
80818
75169
78138
19401
99046
69505
40532
87875
49988
42800
58001
91530
2432
62210
22077
77474
52893
72601
8470
16878
70947
53141
7903
13815
5343
32007
47363
53004
30806
83683
54532
5282
83847
92435
87711
38716
51869
21321
74974
53607
66925
7629
17882
4188
61458
2516
40298
32648
7651
15825
1100
36809
40814
74533
67919
27438
98803
38259
61435
16609
77696
12974
49182
66305
26692
13299
5459
27239
16625
24467
53649
61354
18291
38505
43181
22910
73384
92714
40301
76600
22875
42810
76267
96012
38849
78394
48194
12055
87919
91327
47543
47993
33078
84511
10183
90298
32477
72165
84457
49677
28313
77572
9280
33521
66826
49735
63936
16660
53237
15975
22618
34707
33594
7926
38661
11933
53585
64312
69835
75029
50854
68081
30253
61750
13646
28985
98324
82065
48997
9548
75605
23761
20422
3167
51392
78592
72614
44493
89094
89250
36941
63407
85700
75647
33042
61737
39728
6335
52305
14209
50303
60045
52748
66507
47376
97022
68924
61472
10521
59179
72786
25614
76556
82297
82766
93224
48613
49050
79003
83261
48723
41677
28581
8134
58880
71200
30168
67129
90015
78517
22134
63899
33393
30403
33588
87186
82292
50547
98547
17497
74569
47659
48150
76108
97344
25704
28516
44067
81730
71044
99836
84860
57243
40279
15920
38801
54434
83385
36672
96040
22662
88997
54771
18569
58998
98746
59508
3786
57389
923
76007
66599
32025
10486
88679
5357
51847
37698
24861
18709
7436
75041
24671
32686
16242
34437
30594
5011
89373
15087
98365
97692
37273
58994
85885
48368
50946
90326
4478
73207
1519
6137
38925
76046
29020
75920
42903
38004
45811
54987
83820
62081
63895
61750
58006
40567
40204
83867
25616
34768
89862
71653
72421
53078
29516
80384
80039
26034
62857
85404
93544
96381
31407
8657
14712
68402
27912
65948
78651
93348
41658
20231
2214
12875
85110
3622
74614
78554
36286
64381
13901
18572
3728
6112
28811
31773
15572
26995
2981
64757
42078
11536
63876
38847
86944
81094
98300
14776
45103
75486
27911
42082
21743
36185
10846
2872
38878
50806
12659
40092
74299
17840
91406
79980
91825
53347
1410
67700
11491
58127
74059
12540
694
14997
32647
34690
33269
14014
32558
54627
42405
33467
21455
98194
40966
54055
38248
83691
93667
83369
62785
50881
98806
4934
61875
62075
723
12352
88158
38223
39768
85871
48684
37316
16687
965
82954
47556
24188
71585
98423
62816
16567
80199
7992
65268
30324
99993
57384
88952
57284
45940
71949
72229
63508
86314
33798
98722
14963
95095
10880
67083
76274
24162
51240
2429
61636
50162
94714
58112
25124
15882
76984
99697
91989
96323
88759
97579
34148
6340
3636
87314
11147
54464
42531
85404
6447
16781
49575
52507
87240
74396
63518
23595
8801
54970
66580
45333
38517
55906
81688
17246
67098
79452
22731
95919
65722
40310
13588
6017
23227
40734
76209
62693
13824
65561
84457
92045
72009
23139
73180
40506
36406
12291
34683
48131
89609
8234
86420
53695
58184
9129
30086
24560
21218
45132
79379
43692
27145
88566
65971
74121
68349
25818
94117
17572
62154
67091
11745
41485
81032
85889
22184
39603
93952
10976
49309
47624
25006
32423
57773
78480
51265
23962
32361
22380
51232
51853
80021
79773
77095
78837
85848
18743
50191
94892
73108
89156
97547
39393
38192
62545
48718
50202
99568
60697
83594
63463
40966
87724
77812
29284
82114
64060
44899
21675
2309
19588
29368
37427
33523
99606
25239
67977
72839
13631
86547
12521
80800
2712
58183
14841
37337
69388
52097
94146
4759
12769
47993
46668
99451
45221
36575
88534
83959
14647
54771
61358
84541
56782
88974
96915
30259
30346
1726
68452
79043
31605
11694
73540
50383
59189
17412
13549
65826
94066
36003
85294
85857
13086
35505
94979
66272
29830
11603
41039
68657
53332
58165
68633
96375
99837
39430
78272
25336
75662
52607
87195
91729
57838
40900
31090
36196
90127
55843
20339
44813
87575
3194
96466
38386
41990
21493
14368
36216
2723
48692
75462
64050
44487
15019
94750
11253
91141
65028
93582
55623
52117
20607
92259
23829
56316
87065
52102
58692
46842
21546
21501
99103
78415
12168
87840
76047
90986
67658
46166
8713
64432
69671
7981
67712
79846
20956
18994
11068
45595
38956
71346
16035
30036
38593
67342
27027
5525
91441
54644
60465
87721
5693
17408
5276
36143
38995
86575
82587
37185
85107
20443
61621
53953
28750
99128
14527
26051
57354
87145
80015
87921
72194
18688
57040
35135
95818
57649
79950
89196
42961
54481
15185
1681
24543
27632
84967
57833
81438
81840
21210
31165
4629
8097
40224
68171
62990
38171
47953
19538
89753
22167
49108
85693
88202
12043
37650
65322
64030
89151
46124
72629
78939
9840
16775
64325
98645
71905
85125
41299
78028
15481
54032
92947
12339
31742
37840
78017
78700
78379
93404
41129
14254
56496
65869
38130
21832
46823
85165
24872
45408
79182
10799
32196
72500
26342
21496
93787
56610
59943
23546
50400
259
71742
39202
86806
29010
38820
22440
79414
9930
36060
39075
34170
35885
36552
98335
27908
27681
30024
94054
4589
2388
69489
69307
57838
3265
76486
52039
57508
34219
91702
86794
48868
96198
64497
3475
89723
5717
84456
89483
39072
82093
42368
31467
73465
27673
81555
31534
65223
56055
70179
27808
10159
19999
17915
94294
3077
94628
12005
89112
96951
99987
97313
26105
93523
56281
39913
92455
71382
59393
96670
28062
13427
506
42541
98487
8572
68854
47268
14621
91087
62287
53644
49248
74848
84677
77954
36226
62751
5379
25365
41391
66758
8767
40286
7562
63298
77695
23767
63587
49563
28473
45658
27717
58657
87443
96951
85355
57877
4042
62289
14962
89233
63534
56597
15433
32981
50313
6104
39269
63663
86016
2253
84721
93734
79922
25792
42019
62115
54718
53393
22218
91677
66562
48272
33155
81151
66142
13233
99851
27992
92214
52908
10287
77375
45270
59733
86559
45057
64176
87923
4897
64713
3873
92382
83457
33930
7313
37626
3878
8524
33049
5227
67712
26288
88895
62099
41533
46338
93309
80239
92380
282
76672
85803
51321
21551
84460
94877
83110
52825
51133
10117
54522
88193
36712
69407
28227
82247
41024
385
44088
52016
39156
54135
17225
98890
26005
43673
78456
44317
34806
84006
7008
8111
83180
90496
46131
13460
2293
98083
55106
65873
23157
67683
90806
27851
33243
41857
21244
96497
68194
99241
10236
55971
40915
30252
4938
86717
11944
65461
81941
64804
91723
72713
67326
34059
67997
10336
67779
19938
86419
76411
52440
31004
77947
82497
39735
35292
25756
73306
30862
73979
65595
61415
79095
7289
17850
40283
40710
28894
77819
64282
3483
76043
6114
40141
4343
28673
94104
33247
28971
13677
24524
32120
54475
82191
95796
91539
93282
52326
91441
82493
93696
9819
368
11597
27086
78182
9837
19034
47969
93600
16370
95678
78701
84102
62398
41765
48145
65542
26496
22065
32848
92426
41986
49614
35328
87774
36259
81165
47291
72607
51357
21855
51379
91458
89925
87183
45891
80062
60944
14589
24544
80696
19154
7123
16974
25065
35714
74629
79823
5326
37434
20874
76310
79435
83579
5201
55706
65660
84013
38178
25478
10842
1731
70611
33005
23975
87997
96643
48826
69590
76327
50871
33670
10426
62751
13422
29859
23145
56084
28226
49045
23148
98058
79166
91104
10502
81017
27031
39485
26590
30997
14248
64070
74251
13737
35182
75984
24252
64445
84860
4121
46817
52246
7516
68887
63929
89596
41891
56464
83576
66679
97264
97191
99669
29010
50113
90292
71438
17378
6769
60493
85400
38560
59954
98912
54183
51122
86179
57987
15157
65928
45390
26242
72787
75745
62657
98167
60778
19598
16198
64088
29420
81550
32737
84490
75516
4729
43142
87060
38487
42777
30645
30382
349
35890
1107
31448
70912
21729
48006
32711
19400
46434
52268
59546
11936
10028
67481
47339
19136
89080
20683
15009
27864
21119
69355
69889
49270
16737
81443
15141
50933
19617
78582
31301
15042
82093
55776
95282
56844
30524
77868
11330
87975
84337
40620
19973
26652
33148
34648
82870
40369
20511
92646
86509
93136
30765
76802
78577
7991
74254
97418
92651
37596
2752
8105
80469
77467
82808
73454
52561
72765
33798
64680
29527
44646
83766
92352
65542
98524
64275
58483
97468
39791
86854
91339
93537
77033
26236
54649
7773
1299
96517
18608
67401
75521
83801
8225
92387
45275
33973
16815
41883
98985
43939
29966
96682
81371
93336
15933
21123
16210
74102
14429
78689
18222
90354
29517
31904
86997
56752
14628
81800
47997
42410
87786
72932
53494
84848
36210
38353
49943
72969
31032
54130
75875
20919
87027
94176
4344
82136
51384
66590
59188
19305
59467
65898
83460
34054
32642
71280
8170
27629
10327
67449
51658
50048
42698
2496
49521
50888
75281
18085
16355
22327
73917
27131
68351
59622
65611
23132
29105
62013
69347
79260
78933
24657
26256
55642
57827
25991
91452
54259
54875
40599
1416
4017
16045
93548
80933
71745
29477
93543
77074
17954
57618
8099
66322
51897
28818
18612
78505
19522
60860
32521
58899
74305
43273
40144
69185
9846
4831
27064
27728
12526
56892
42706
32584
57174
4091
69873
15247
70443
28902
46096
53959
24717
88825
36210
34187
32274
18638
93797
55521
67766
23851
41344
64155
48496
47364
80331
20496
32544
25549
13342
2483
3557
9761
94786
97965
40331
11176
19219
64956
68289
3144
4391
8966
78697
3467
10760
43803
19688
13609
64349
82919
63453
92306
85639
5841
36398
33114
55079
81972
98494
6817
47453
39223
48060
8926
64875
3914
10773
83847
39000
21439
24232
78880
66480
17443
84346
66910
28552
21176
21440
29590
52704
46704
27386
86790
41409
18952
57312
46304
47910
75743
15731
4559
84536
34929
73494
82503
72017
64436
96822
18253
84193
49710
20964
24928
19759
24305
72836
21571
62743
35668
14910
35913
73170
46768
17809
55771
2995
77268
38183
83912
18446
32549
7300
64458
34451
24469
56440
7889
7832
80510
85300
71310
12245
31388
99129
4318
10504
15044
58508
11057
75544
18693
35301
88950
92727
13018
8423
89893
66945
48424
29162
77256
72609
88186
43284
10471
76787
81783
71046
25103
75780
21245
89074
86174
10549
90908
84011
49421
99263
49489
30997
32346
67216
91965
38491
16977
16915
96130
33759
3223
42350
37722
27819
52755
87717
31859
61191
36089
97532
54379
19972
70452
37113
32323
93141
92080
88616
66915
30173
49153
74744
69323
37443
5043
39650
52817
51874
12623
2378
91100
83997
49094
5567
27900
94128
41085
21692
66499
81921
14389
29489
71076
55061
3158
61947
19239
11616
9688
34576
15942
74932
61134
42871
2951
4154
3279
96243
32598
51263
40130
43553
51773
32549
35621
65047
24003
61531
98554
44460
2751
85159
94479
65302
50360
31455
21481
19727
37691
41495
57836
52721
41143
40596
34025
56096
76824
64703
73860
87175
28478
7541
1152
38842
56409
11196
90282
70554
45155
18640
29695
37112
46682
62108
16731
86801
80089
14948
6399
23863
9715
10974
382
83632
57099
49313
56708
46807
24114
74645
78691
43809
61182
77610
892
12698
96931
89061
11591
97902
5072
70677
51006
80547
6697
42116
79820
72611
46877
91977
83725
32120
81571
22650
47298
19792
46966
33854
99413
24896
65258
18208
27235
91205
69641
16032
18058
837
68271
79012
49712
47252
4894
57068
41453
42707
26879
51363
44791
18323
56950
16497
17544
68471
54528
78701
75726
56630
51916
44656
14383
75648
55027
36197
98646
15160
82517
61788
46238
40416
66930
17086
59706
47763
98401
46906
1407
91755
72240
90718
39983
2210
53849
24898
87491
18934
42942
11646
90804
2566
22113
5627
99558
19897
34178
93031
86641
41950
12181
13026
4493
74285
36799
16502
81817
94028
87789
74211
47400
89614
74993
47544
19337
47159
94906
38750
13714
45114
5231
84494
88232
10019
67272
62435
16142
78288
94794
99594
3239
5306
56380
46102
66537
43858
9738
45648
45344
21574
22646
18347
31676
9570
47189
79509
7097
11795
75501
66410
83913
24552
67561
14723
74848
65425
15927
63212
38363
28617
37631
91570
68749
26096
71424
2491
48456
12401
9768
33488
17797
97795
15023
89653
81200
21642
72625
26682
59410
12413
77510
79882
58876
43362
71360
78336
39982
31030
59809
2809
75361
85513
90326
30884
95223
62885
56819
70934
42045
25999
33772
95163
57497
17351
39470
11175
79702
138
67000
15754
46922
52087
16473
37697
65632
28270
29895
92457
68486
65811
41529
44751
88789
22258
1250
13571
56152
42493
25899
73931
26812
23185
97707
3252
31603
65847
32805
72899
65412
46150
29918
27145
7090
88133
62010
17653
83559
49166
8690
61667
37246
79950
39956
6738
68074
82250
63416
64275
581
26843
69658
43806
43961
31290
92024
11935
84741
35126
97097
31149
59245
70594
83384
17755
28193
84748
7901
93672
70951
48488
98646
50033
36999
33835
2663
78566
85044
14355
93899
39065
69810
8868
75765
41490
14440
93229
18952
28704
74948
90505
33199
96843
90437
23010
4025
57541
8713
22224
15413
40767
82643
68158
78406
84183
95896
72493
41476
48878
69735
16146
28847
49464
72979
32123
8080
46637
88158
35728
6285
37084
76579
75156
46665
36191
18048
62666
23574
56330
28286
58644
55352
69661
60799
72534
54967
67609
42819
37273
73216
47983
85687
51980
39417
92916
67131
35685
70271
53969
781
80549
1150
15958
99575
48186
15052
60270
84498
44606
23074
4462
63222
46268
7000
67496
36895
54450
26236
40476
21501
63890
27311
35981
42776
42467
46940
71761
30750
55461
84662
30275
96299
46226
93100
13683
10292
92575
45836
76092
32272
31650
44402
34486
11683
20525
6730
71970
1192
84440
85354
50659
82778
4893
62117
88716
40351
48925
44557
18644
88946
89152
71528
22918
75403
31162
66254
65973
1389
56808
79356
95725
18060
1210
13752
82213
28857
72619
86210
35216
38124
93995
18035
72178
72909
56734
50005
10800
49791
92733
14303
59488
1289
11962
21611
30880
40449
32512
95221
33986
79639
2841
15090
54085
22780
81834
33387
19775
77454
14873
25685
68278
29185
18351
90734
16622
43
31383
52917
13756
27371
87910
52550
19385
48471
8789
9330
76371
51778
48330
73847
6301
19142
33045
32001
19367
79155
33622
65212
84264
64276
78748
82389
60855
34298
91559
28044
75610
33223
43247
33976
90421
66553
43198
41847
11332
34450
91768
11792
6276
78720
99131
327
19211
1645
43617
50460
44856
7749
5538
86401
82149
63199
54647
66742
32601
60811
64601
19299
5306
77654
26152
94161
68927
45981
75463
63813
55300
20108
79557
19450
45111
29265
49079
82554
24559
34849
73312
20953
64316
72454
7666
33070
38329
7877
80750
91790
39550
78280
28616
96167
94802
49804
69414
43158
11998
35145
92615
89253
61917
54169
16704
87141
59567
8999
12002
79715
8589
28886
58519
37994
12406
44427
7531
19766
51784
50712
93767
90544
97643
741
61176
70251
40071
43229
78318
62553
65013
44818
55137
13098
44595
53870
71118
72995
7281
73176
75263
33303
41993
14303
54729
13541
86796
85478
75951
77837
66934
78988
24932
2800
28675
311
92141
27235
3676
79772
39204
54159
63850
86093
23481
15625
50987
64639
67827
39753
33665
44535
43060
16137
31912
34577
97051
91964
37184
23565
87779
36904
47816
77142
57929
31745
56044
55568
27147
99268
45461
53374
27211
29740
77023
23245
18675
66613
84520
6016
53682
40171
83779
53176
26500
3501
37836
83904
6992
42756
26839
78547
59595
76154
2561
15370
19483
22873
88328
63974
74326
73761
40887
88182
67688
34916
22073
84262
17842
90370
98094
92804
16592
48477
11323
62320
56883
17016
22172
48447
91117
60209
75765
34764
40396
16855
61638
33436
9853
72426
54556
70828
95954
98670
52100
40217
54718
11
99899
1676
28348
73701
94209
44352
97328
10514
6444
65169
11173
15773
31993
62051
20566
8119
54365
60108
70056
86580
71801
16223
86132
63817
25420
96854
26851
7840
84770
763
43441
74133
88875
58227
47796
85681
46310
52712
77878
23584
540
51313
62558
67761
31817
65408
98670
20521
95220
88263
10917
39109
27456
50024
1795
33578
71708
84216
5133
10122
86965
72240
13959
67958
22315
13776
4542
38490
77504
87983
9544
49434
40813
93283
88482
32071
51215
77801
78617
82045
71710
67570
63493
49820
85023
3275
80815
94209
57743
71975
84180
80321
28127
29451
92673
83522
56544
53397
14878
43701
60500
13482
82983
75187
9123
2651
74837
70451
18031
57843
69212
46054
9215
3872
20717
62991
63768
53435
17212
73986
19210
39029
89660
30264
38342
89792
12518
65292
58798
18616
20728
62454
7620
19852
43674
42017
94244
8173
61276
71530
2670
93137
39739
1591
1531
19044
39010
81874
13297
56557
72685
46369
48945
29336
26953
34532
62286
48709
46967
72842
69368
56044
13200
80015
82038
38186
74466
1622
22866
17933
60665
37087
35407
9753
80217
41638
86901
56340
82471
12568
2093
44756
34279
58130
77800
11907
29855
16184
71577
25996
66587
43982
98051
1989
83818
59766
99085
86552
96518
93287
13203
87184
8977
97351
49238
14397
77114
65701
65747
50467
18495
48789
36240
68261
72013
30729
32658
1066
14402
56328
77357
28297
67476
8429
62131
35415
63498
7103
67022
11882
86376
14152
3688
72072
71080
21045
79399
3569
60803
67369
79895
58950
50032
28670
70271
47124
38307
62297
56821
33505
19255
80041
66669
51378
58726
63004
42316
63094
70964
58045
32348
34451
7660
28301
18744
87179
40482
90941
6663
89066
70360
3366
13381
11055
1148
48806
77117
34805
78
33688
22003
38300
71328
80590
20829
36953
3542
44525
14802
93239
67148
14244
15515
69480
64567
67178
44230
65292
15108
19444
37177
10588
53628
67696
56643
16116
73833
97506
63022
75067
96274
17016
39185
43600
70690
89195
94082
34707
84775
31541
15752
6732
51735
69993
18479
67676
31596
85171
92789
39231
83376
82509
62561
59035
86516
61755
41331
7655
37978
49061
41558
19803
28082
88270
24594
96400
80577
32149
39647
82387
42366
43752
81908
65899
14743
49151
53468
16548
6992
75708
40522
9560
779
28189
89252
39738
29443
36827
22170
46910
78130
93571
83418
74760
43763
5935
99132
84399
42338
17120
94168
45806
18847
53913
43736
6407
32145
3259
98311
44308
27943
73337
6377
97868
45946
16087
80804
31918
64654
32548
31324
42028
91671
74961
61789
87959
52376
15693
77521
87299
42663
23166
46033
89495
25805
48382
7288
13876
81929
54160
34611
17248
73012
69149
37461
22413
65311
2512
2151
84298
58104
55050
76029
97734
23628
82786
87971
67900
83078
82781
89014
64768
3862
52646
60207
60100
2061
63658
88602
20103
53252
75794
48965
90651
93628
24766
66004
59345
31871
71003
95057
92483
2214
49184
61568
97022
71157
70475
60817
26218
42497
86899
87823
71960
11953
37769
3285
49479
58210
8048
75168
65746
12516
42518
82432
53177
98
85198
10600
73451
8895
39372
71876
61549
97660
79612
73866
74954
59254
58175
20874
17430
81196
61123
64287
62656
2398
92701
43303
68660
33008
42982
17935
29803
9710
98351
59400
6544
11274
10402
79926
20015
60417
52375
5926
34043
83324
4080
52831
81084
16947
96626
87538
3124
60107
56896
41996
38189
30815
69365
98826
88929
48700
45662
52267
65796
90727
58162
50241
73266
38618
65455
53441
67153
50347
10642
91099
86851
39885
39218
27203
30218
93903
66585
66317
13239
24163
7744
79416
63858
3226
42438
28193
73632
47370
16909
33080
31795
71953
64370
9583
72404
54035
33191
99151
20069
39296
38062
81733
26166
74257
20404
54618
41799
91984
51847
39104
64501
96023
66230
4648
51266
73041
98051
4528
44421
26237
6823
47993
78091
31538
59235
19447
8905
8476
38303
17410
49440
68131
3681
1738
85931
59436
34027
57767
69511
39097
20785
24558
61471
40524
39637
38335
38964
99466
68033
61723
40101
68442
63617
30196
32481
48460
10778
71516
78118
79574
37291
90975
41844
92090
94622
48429
38836
24387
13003
33071
33982
43406
26762
5147
50988
65574
17138
86179
73593
38055
18803
58887
57076
58308
85804
12843
90375
43813
88874
54275
49311
26664
25535
73674
32311
97831
14586
69394
29029
15674
21032
20854
63937
89843
17062
40652
79342
30248
10146
81238
40294
76334
2158
19543
67942
59392
15807
85059
84275
66111
29576
48463
4615
72947
57390
54503
29980
91184
80552
64894
1044
89012
118
31680
40451
51564
31770
64676
51897
3799
18743
50557
57136
17922
93412
85519
38030
40530
84077
40415
10903
64352
47719
7268
65779
40318
83406
94937
23991
65944
79645
12340
66771
10934
55880
17840
82359
25470
89145
53159
93571
64566
29542
44156
71625
79015
7788
45588
18209
50205
47466
74180
54057
88746
21404
32262
29175
17003
37041
54245
31549
43363
5964
20088
34071
53891
6132
84652
179
17259
30136
88473
31870
68041
19491
41174
37607
672
22391
66217
88466
6213
8937
42231
46876
28259
41113
13945
76038
26910
16493
75439
62688
10932
26761
99535
40723
1472
36429
95958
11306
32312
83978
99295
93374
38486
60290
69329
59645
53331
25499
26002
92215
31759
49760
34138
99012
8526
16245
35330
16117
11676
87092
8283
90741
46321
26697
68411
68252
48944
82406
35795
87249
17993
72804
61468
42904
60510
61463
63151
85087
28195
20492
35859
39617
25086
59393
7921
59446
77518
93441
42020
46808
1833
44220
56461
39505
9789
65087
88738
10150
95671
86388
84390
29434
11778
57465
56404
52480
63400
46741
57557
98210
69908
26269
1265
83399
73655
26914
89922
80676
37129
50579
73444
27458
66088
62199
81928
96231
34332
78527
68680
34436
155
49964
44661
62587
87976
87773
43308
9194
87157
87346
34663
58264
75978
79490
29999
30971
71038
48373
36335
34916
24130
86207
27876
32680
80541
5594
84369
72139
89970
45566
66351
37099
92350
8000
86818
52902
95805
92069
19750
91241
43180
50337
71336
45271
41257
18832
2065
98226
43766
28399
90685
13417
73533
31800
4970
40957
96141
42841
50412
3217
41987
64048
92125
38926
50500
14981
94418
80273
97958
74980
81608
13682
22063
3861
92829
11346
18229
20122
3356
10335
62660
46788
39440
79686
65918
30546
49369
67671
91484
69448
63485
69614
65075
74152
76405
5923
35250
5615
92040
17071
13095
50734
69462
75065
26850
72067
8906
41660
71410
95252
1363
33527
587
21224
96268
20306
37032
20706
71830
68007
56557
88250
50727
20724
40742
94106
21436
96764
2731
16818
9002
28276
44357
21144
65298
24721
91786
79616
88755
22828
98500
29395
53818
68334
89167
49455
31604
35166
91489
81723
4132
31460
96421
62757
39599
49689
21312
32410
69525
82893
93172
98434
24698
12757
79106
36309
92034
65519
8266
62206
85692
17139
29295
94570
24789
55576
5558
31245
36525
7071
42252
23282
31495
80800
80295
60252
2489
75472
46373
83805
67876
48492
65777
19922
68221
94820
89156
1882
79690
91750
32519
50354
67944
97062
5815
70702
33705
80296
9121
24501
91675
45354
56109
2521
58787
15472
63416
88114
9129
8941
60409
81623
22797
93898
90885
51320
14071
78935
71405
36346
19916
78828
4261
35536
15580
67354
42080
41138
79129
51954
22647
22685
41570
25202
24936
15015
72477
72040
19707
83421
85251
24644
46400
84827
93908
51614
6644
87334
99436
34593
54371
22026
83406
79187
14375
9580
72572
65665
50638
30251
79113
812
34522
39351
92197
15466
59297
17678
50840
63643
61685
63055
62698
233
97086
6973
81502
74938
80131
29362
53919
78934
94184
75293
62131
29743
47089
4665
99596
83473
59429
66444
19005
68808
56142
30329
8330
5960
40540
88962
20856
22046
42249
10749
17539
77937
65719
57841
4846
55539
87702
12526
69077
24106
54722
59559
39871
71221
56712
37389
31024
30909
33769
50761
81242
29211
71352
19253
5203
54048
46173
55575
63361
14916
58172
10171
1522
28270
74608
32652
69865
93533
28720
21455
45810
34961
44499
17469
20279
28089
35216
20731
99947
72858
21375
54679
19075
20888
41115
31808
88965
14372
50088
40130
48536
85826
66289
60221
92347
35798
84907
28418
47890
51211
93110
36618
97914
22559
1217
13170
85118
47534
96140
49270
18338
59898
49673
87017
92156
78644
80092
13198
40547
38826
45122
58967
68704
300
88813
89207
90113
34300
71373
89638
74604
6450
98763
34801
33489
29769
53199
26491
8152
938
85825
32180
37817
95922
31692
91923
31594
56163
41278
88915
99251
41412
9645
71720
19709
16470
13108
36765
97993
51412
47674
17612
61950
22469
9812
20153
10746
34434
92000
6251
17449
78974
58130
17703
3924
67895
42476
65034
17808
34328
88902
77923
73399
35240
92718
1196
45012
94483
96937
96291
30840
17138
25591
72617
30217
4697
46772
43957
71674
64766
25690
61014
27798
47329
60132
16356
23702
44988
302
51650
16786
87560
79384
27122
48820
32521
30697
70388
26472
28631
84528
45245
44495
63595
90182
57936
67571
35618
26608
36731
95381
61233
6816
58033
74370
28741
50490
46431
88420
39861
3956
28493
67509
31751
79607
69300
9934
2235
45923
56982
27165
22008
95406
68670
74805
8753
98156
14997
11647
98612
41835
45406
2255
21743
57398
92335
30961
82143
8665
47404
47970
73910
58468
2082
42235
33992
44200
51420
91368
88914
95102
70662
91575
80104
91335
86940
11788
80474
70190
63885
25874
32610
56970
52018
75915
56844
72383
96709
96776
22594
95044
64703
40404
70067
38656
39730
39722
87552
28238
68160
40296
21795
16127
9526
99707
99772
30494
27657
70937
71705
57390
5899
45038
37377
23888
79242
32206
79165
1
58310
2378
20067
52864
18732
