insertion sort		shell sort		quick sort
1000			
0.0038237		7.194E-4		7.099E-4
0.0036325		6.802E-4		0.001425
0.0123886		9.291E-4		7.759E-4
0.0038463		6.313E-4		6.151E-4
0.0064901		4.659E-4		5.487E-4

5000
0.0299348		0.0021983		0.0028015
0.0306784		0.0021923		0.0039803
0.0253248		0.0012246		0.0029126
0.026177		0.002176		0.002944
0.0200984		0.0035651		0.0029467

10000
0.0641216		0.0037396		0.0050731
0.0714409		0.0055288		0.0047964
0.0323213		0.0038825		0.00537
0.0767545		0.0026341		0.0052431
0.0720802		0.0042636		0.005012

50000
1.5297587		0.0127334		0.016261
1.6309067		0.0078958		0.0150855
1.5871428		0.0069654		0.0113602
1.5630043		0.0080145		0.0099184
1.5478848		0.0090142		0.0104611

100000
4.815395		0.0178305		0.0198498
4.7763107		0.0153089		0.0203924
4.6880955		0.0160548		0.0362395
4.6447911		0.0181627		0.0162032
4.7315332		0.0161609		0.0186434

250000
27.9407469		0.0451596		0.0948476

1000000
441.5884757		0.2275143		0.2014983
